100 468.061
120 1172.68
140 1798.34
160 2519.18
180 3320.65
200 4603.27
220 6179.63
240 7592.54
260 9592.39
280 11060
300 13019.3
320 14740.6
340 16403.8
360 17779.8
380 19742.6
400 21315.2
420 23481.8
440 25374.2
460 26876.8
480 28490.2
500 29668.1
520 31261.3
540 32343
560 32771.6
580 33769.9
600 34840.6
620 36116.8
640 37240.7
660 39588.4
680 42095.8
700 46297
720 47849.7
740 49385.9
760 50848.1
780 53706.1
800 52438.3
820 55336.4
840 53127
860 54328.8
880 56092.3
900 59071.1
920 66189.3
940 65095.9
960 67159.9
980 69319
1000 69299.2
1020 73241.2
1040 74128.3
1060 76441.6
1080 79049.2
1100 81721.2
1120 83928.4
1140 87039
1160 89030.9
1180 93236.7
1200 94951.5
1220 96572.6
1240 97119.3
1260 100275
1280 102921
1300 105360
1320 107295
1340 110358
1360 111596
1380 115681
1400 120751
1420 119741
1440 121320
1460 124276
1480 128389
1500 128971
1520 132203
1540 136410
1560 138445
1580 140115
1600 141729
1620 144963
1640 151001
1660 150167
1680 154547
1700 162351
1720 155763
1740 161329
1760 167271
1780 166647
1800 172208
1820 174469
1840 172920
1860 175718
1880 180996
1900 184038
1920 188235
1940 189003
1960 191674
1980 194794
2000 196885
2020 203229
2040 203915
2060 204679
2080 206750
2100 211640
2120 219446
2140 257135
2160 220795
2180 220368
2200 225356
2220 226845
2240 228355
2260 231563
2280 236044
2300 240337
2320 243232
2340 242043
2360 249468
2380 249526
2400 251260
2420 252252
2440 268861
2460 264776
2480 261541
2500 270686
2520 269858
2540 271870
2560 272098
2580 278053
2600 291170
2620 285003
2640 378151
2660 330357
2680 319515
2700 320071
2720 512833
2740 480295
2760 317408
2780 430704
2800 589995
2820 877379
2840 597510
2860 372435
2880 416493
2900 402184
2920 352103
2940 339777
2960 339306
2980 343590
3000 352874
3020 347552
3040 350844
3060 351016
3080 358672
3100 360900
3120 375808
3140 399430
3160 392209
3180 412269
3200 427529
3220 552748
3240 429746
3260 450991
3280 404866
3300 446744
3320 529384
3340 622263
3360 548878
3380 546382
3400 569025
3420 490830
3440 500526
3460 517686
3480 593246
3500 447448
3520 472136
3540 438579
3560 455793
3580 446726
3600 457306
3620 451165
3640 467121
3660 468272
3680 494120
3700 519465
3720 587776
3740 519736
3760 510932
3780 539171
3800 525390
3820 532524
3840 494389
3860 522080
3880 525396
3900 551515
3920 566833
3940 519331
3960 529964
3980 559040
4000 613862
4020 523328
4040 538054
4060 534695
4080 538403
4100 567964
4120 546602
4140 548712
4160 564427
4180 557876
4200 608424
4220 569944
4240 568085
4260 580691
4280 600722
4300 597643
4320 597407
4340 601767
4360 606069
4380 641290
4400 782280
4420 1.05155e+06
4440 768311
4460 706438
4480 639878
4500 641902
4520 754443
4540 657815
4560 871327
4580 710444
4600 767738
4620 716022
4640 698635
4660 690828
4680 688005
4700 691633
4720 721490
4740 729972
4760 838767
4780 935804
4800 798263
4820 797752
4840 785123
4860 775788
4880 845914
4900 764362
4920 856799
4940 794854
4960 833960
4980 792396
5000 783360
5020 868103
5040 832435
5060 840075
5080 892043
5100 803953
5120 1.54905e+06
5140 1.2234e+06
5160 1.48312e+06
5180 2.24586e+06
5200 1.05834e+06
5220 1.35503e+06
5240 1.10033e+06
5260 868172
5280 1.33206e+06
5300 898910
5320 941631
5340 888675
5360 884360
5380 903686
5400 914182
5420 975685
5440 1.02303e+06
5460 1.47107e+06
5480 1.10804e+06
5500 1.66712e+06
5520 1.31007e+06
5540 1.35763e+06
5560 1.18303e+06
5580 1.80171e+06
5600 1.69363e+06
5620 1.21184e+06
5640 1.44017e+06
5660 2.05666e+06
5680 1.15783e+06
5700 1.11401e+06
5720 1.31481e+06
5740 1.34768e+06
5760 1.92753e+06
5780 1.69694e+06
5800 1.77291e+06
5820 1.84054e+06
5840 1.86826e+06
5860 1.21136e+06
5880 1.26375e+06
5900 2.0521e+06
5920 1.54385e+06
5940 1.28965e+06
5960 1.37846e+06
5980 1.1903e+06
6000 1.33632e+06
6020 1.23858e+06
6040 1.1815e+06
6060 1.26039e+06
6080 1.19527e+06
6100 1.16313e+06
6120 1.18756e+06
6140 1.34686e+06
6160 1.27569e+06
6180 1.2037e+06
6200 1.21774e+06
6220 1.23822e+06
6240 1.23083e+06
6260 1.211e+06
6280 1.27743e+06
6300 1.28629e+06
6320 1.24123e+06
6340 1.27264e+06
6360 1.21695e+06
6380 1.56377e+06
6400 1.26173e+06
6420 1.28795e+06
6440 1.28775e+06
6460 1.36121e+06
6480 1.30819e+06
6500 1.31863e+06
6520 1.2569e+06
6540 1.53273e+06
6560 1.56967e+06
6580 1.34846e+06
6600 1.5342e+06
6620 1.36873e+06
6640 1.31056e+06
6660 1.35981e+06
6680 1.57903e+06
6700 1.53627e+06
6720 1.35045e+06
6740 1.36471e+06
6760 1.37997e+06
6780 1.75815e+06
6800 1.50353e+06
6820 1.51672e+06
6840 1.39528e+06
6860 1.40236e+06
6880 1.41435e+06
6900 1.47907e+06
6920 1.43586e+06
6940 1.4369e+06
6960 1.43212e+06
6980 1.41083e+06
7000 1.54863e+06
7020 1.70338e+06
7040 1.45514e+06
7060 1.49091e+06
7080 1.85223e+06
7100 1.46386e+06
7120 1.47954e+06
7140 1.49195e+06
7160 1.51357e+06
7180 1.55019e+06
7200 2.30687e+06
7220 1.90476e+06
7240 1.92435e+06
7260 1.91109e+06
7280 1.96889e+06
7300 2.01426e+06
7320 1.84567e+06
7340 1.95021e+06
7360 1.9482e+06
7380 2.85607e+06
7400 2.61873e+06
7420 1.80795e+06
7440 1.69563e+06
7460 1.75901e+06
7480 2.31695e+06
7500 2.17665e+06
7520 1.8798e+06
7540 2.37953e+06
7560 2.27322e+06
