100 77.273
120 85.051
140 90.181
160 94.56
180 99.486
200 105.356
220 111.897
240 118.896
260 125.116
280 130.346
300 135.829
320 142.062
340 144.426
360 151.92
380 152.748
400 164.239
420 170.473
440 176.93
460 180.118
480 188.031
500 192.777
520 191.746
540 196.05
560 212.246
580 216.399
600 220.05
620 229.472
640 235.857
660 236.39
680 242.977
700 243.589
720 245.014
740 249.254
760 256.591
780 263.071
800 285.956
820 277.804
840 291.343
860 280.352
880 280.619
900 289.88
920 286.959
940 294.948
960 304.996
980 313.077
1000 330.308
1020 322.153
1040 348.441
1060 333.905
1080 330.325
1100 329.763
1120 340.167
1140 331.346
1160 335.321
1180 352.356
1200 365.354
1220 371.533
1240 379.394
1260 377.038
1280 374.894
1300 388.994
1320 397.165
1340 396.44
1360 413.935
1380 410.303
1400 407.123
1420 460.74
1440 432.294
1460 434.866
1480 443.016
1500 441.184
1520 452.481
1540 460.084
1560 474.191
1580 498.46
1600 477.032
1620 468.284
1640 485.136
1660 516.55
1680 486.872
1700 531.047
1720 559.764
1740 522.37
1760 520.921
1780 516.718
1800 543.467
1820 549.113
1840 553.697
1860 564.75
1880 569.012
1900 564.228
1920 574.789
1940 581.983
1960 604.833
1980 605.857
2000 626.696
2020 607.631
2040 616.417
2060 620.863
2080 646.687
2100 613.874
2120 627.756
2140 615.43
2160 640.528
2180 674.581
2200 658.369
2220 650.739
2240 660.643
2260 703.669
2280 823.849
2300 867.777
2320 681.502
2340 732.233
2360 668.065
2380 677.219
2400 717.636
2420 781.11
2440 747.727
2460 784.31
2480 790.249
2500 746.038
2520 850.384
2540 810.36
2560 818.134
2580 808.868
2600 796.044
2620 791.806
2640 796.527
2660 798.209
2680 815.901
2700 846.621
2720 855.447
2740 817.024
2760 828.819
2780 825.122
2800 824.729
2820 836.339
2840 855.346
2860 861.067
2880 854.448
2900 879.528
2920 859.449
2940 1017.7
2960 1002.75
2980 890.213
3000 901.383
3020 918.336
3040 911.679
3060 957.252
3080 939.358
3100 924.275
3120 919.576
3140 967.49
3160 945.141
3180 955.647
3200 1001.15
3220 1050.4
3240 993.898
3260 1029.86
3280 999.401
3300 980.092
3320 998.04
3340 1065.84
3360 1006.39
3380 1046.01
3400 1048.59
3420 1064.45
3440 1047.36
3460 1043.75
3480 1070.99
3500 1088.22
3520 1043.81
3540 1116.51
3560 1115.83
3580 1106.17
3600 1294.71
3620 1103.15
3640 1091.45
3660 1157.35
3680 1185.77
3700 1136.65
3720 1177.32
3740 1124.6
3760 1163.56
3780 1198.69
3800 1159.11
3820 1176.69
3840 1191.99
3860 1203.88
3880 1191.11
3900 1215.87
3920 1232.68
3940 1240.86
3960 1612.25
3980 1269.15
4000 1322.07
4020 1602.02
4040 1440.96
4060 1354.84
4080 1288.09
4100 1356.36
4120 1316.78
4140 1397.87
4160 1425.22
4180 1853.08
4200 1844
4220 1332.67
4240 1304.01
4260 1321.93
4280 1286.77
4300 1310.17
4320 1260.81
4340 1399.75
4360 1642.36
4380 1338.17
4400 1353.01
4420 1375.46
4440 1356.55
4460 1421.87
4480 1453.83
4500 1373.92
4520 1919.89
4540 1608.79
4560 1358.48
4580 1476.93
4600 1427.41
4620 1460.18
4640 1396.06
4660 1475.75
4680 2047.02
4700 1494.61
4720 1433.05
4740 1511.8
4760 1474.66
4780 1475.39
4800 1533.39
4820 1920.09
4840 1567.27
4860 1571.47
4880 1534.81
4900 1493.5
4920 1596.47
4940 1526.54
4960 1925.25
4980 1558.91
5000 1575.33
5020 1646.3
5040 1556.4
5060 1659.73
5080 1555.4
5100 1898.22
5120 1593.35
5140 1617.92
5160 1641.95
5180 1644.05
5200 1669.25
5220 2297.74
5240 1744.7
5260 1674.48
5280 1690.35
5300 1692.84
5320 1726.09
5340 2530.77
5360 1751.56
5380 1719.12
5400 1703.65
5420 1725.43
5440 1676.17
5460 1894.38
5480 1809.65
5500 1779.94
5520 1715.34
5540 1742.88
5560 2293.64
5580 1808.09
5600 1833.48
5620 1843.56
5640 1800.62
5660 1958.56
5680 1810.24
5700 1839.66
5720 1842.5
5740 1836.2
5760 1824.25
5780 2322.26
5800 1832.33
5820 1783.68
5840 1777.98
5860 1820.69
5880 2330.67
5900 1817.11
5920 1886.74
5940 1816.13
5960 1946.38
5980 2569.43
6000 1856.2
6020 1932.74
6040 1865.41
6060 1924.33
6080 2129.27
6100 1920.09
6120 1922.95
6140 1964.25
6160 2580.53
6180 1961.15
6200 2003.2
6220 1929.76
6240 2008.45
6260 2613.74
6280 1973.42
6300 2049.45
6320 2013.57
6340 2135.78
6360 2083.46
6380 2015.12
6400 1987.42
6420 1971.24
6440 2056.92
6460 2048.89
6480 2045.57
6500 2072.89
6520 2083.04
6540 2040.02
6560 2076.57
6580 2079.81
6600 2175.9
6620 2148.3
6640 2127.32
6660 2195.82
6680 3012.16
6700 3257.59
6720 2580.25
6740 2565.06
6760 2596.28
6780 3109.1
6800 2686.56
6820 2757.87
6840 2609.43
6860 2713.75
6880 2608.53
6900 2535.84
6920 2590.51
6940 2478.78
6960 2697.68
6980 2484.54
7000 2504.9
7020 2583.8
7040 2530.98
7060 2580.26
7080 2634.97
7100 2652.34
7120 2517.07
7140 2639.78
7160 2496.64
7180 2513.19
7200 2680.37
7220 2674.52
7240 2635.74
7260 2725.91
7280 2471.76
7300 2743.4
7320 2644.17
7340 2608.11
7360 2740.24
7380 2559.19
7400 2677.97
7420 2761.69
7440 2644.63
7460 2725.77
7480 2576.3
7500 2805.89
7520 2798.93
7540 2750.79
7560 2874.41
7580 2881.47
7600 2840.59
7620 2592.23
7640 2697.83
7660 2632.12
7680 2625.79
7700 2821.65
7720 2678.63
7740 2761.93
7760 2841.25
7780 2871.12
7800 2786.31
7820 2868.84
7840 2980.68
7860 3043.22
7880 2808.59
7900 3128.24
7920 2831.3
7940 2938.25
7960 2868.06
7980 3041.66
8000 2936.99
8020 2939.16
8040 2948.67
8060 3137.1
8080 2884.69
8100 3046.72
8120 3004.55
8140 3121.85
8160 2981.47
8180 3058.75
8200 2904.28
8220 3409.91
8240 3033.6
8260 3018.55
8280 3043.04
8300 3008.05
8320 2902.66
8340 2903.87
8360 2942.94
8380 3136.22
8400 2926.11
8420 3191.79
8440 2904.37
8460 3084.79
8480 3075.69
8500 3156.15
8520 3250.87
8540 3332.16
8560 3230.15
8580 3275.27
8600 3246.79
8620 3507.03
8640 3735.3
8660 3867.7
8680 3613.91
8700 3167.66
8720 3317.67
8740 3237.25
8760 3489.07
8780 3325.2
8800 3210.68
8820 3316.39
8840 3343.76
8860 3390.76
8880 3339.37
8900 3314.3
8920 3251.4
8940 3268.9
8960 3314.8
8980 3302.96
9000 3420.8
9020 3452.97
9040 3436.66
9060 3322.49
9080 3626.6
9100 3416.37
9120 3609.5
9140 3588.09
9160 3527.13
9180 3651.08
9200 3565.32
9220 3672.03
9240 3524.21
9260 3727
9280 3589.8
9300 3675.84
9320 3565.13
9340 3624.05
9360 3812.35
9380 3558.9
9400 3645.39
9420 3653.27
9440 3645.96
9460 3751.63
9480 3795.8
9500 3708.79
9520 3779.07
9540 3857.24
9560 3635.06
9580 3749.04
9600 3797.21
9620 3729.5
9640 3702.27
9660 3682.62
9680 3683.22
9700 3595.95
9720 3792.52
9740 3861.5
9760 4214.19
9780 3940.18
9800 4009.41
9820 3868.87
9840 3913.24
9860 3886.23
9880 3847.34
9900 3954.17
9920 3850.32
9940 4002.62
9960 3957.26
9980 3870.03
10000 4082.06
10020 3973.05
10040 4576.02
10060 4355.18
10080 4064.03
10100 3972.28
10120 4051.62
10140 4118.76
10160 3990.2
10180 4198.52
10200 4051.61
10220 4137.09
10240 4115.85
10260 4087.86
10280 4095.73
10300 4187.15
10320 4073.92
10340 4022.37
10360 4181.7
10380 4104.24
10400 4118.01
10420 4037.5
10440 4101.04
10460 4275.7
10480 4352.29
10500 4214.34
10520 4253.69
10540 4168.72
10560 4235.49
10580 4488.74
10600 4329.73
10620 4429.99
10640 4451.58
10660 4208.06
10680 4350.73
10700 4317.61
10720 4292.36
10740 4356.5
10760 4415.63
10780 4505.91
10800 4372.67
10820 4270.17
10840 4729.06
10860 4569.05
10880 4449.73
10900 4569.64
10920 4598.71
10940 4427.02
10960 4515.92
10980 4325.56
11000 4581.85
11020 4519.87
11040 4340.4
11060 4565.62
11080 4583.06
11100 4500.34
11120 4539.59
11140 4754.36
11160 4792.67
11180 4539.36
11200 4439.78
11220 4591.88
11240 4701.72
11260 4719.32
11280 4678.53
11300 4794
11320 4754.65
11340 4711.76
11360 4658.61
11380 4612.65
11400 4863.07
11420 4690.97
11440 4708.26
11460 4812.94
11480 5236.58
11500 5434.9
11520 5251.61
11540 4858.63
11560 4818.04
11580 4682.75
11600 4886.13
11620 5116.74
11640 5056.4
11660 4885.95
11680 4969.84
11700 4985.79
11720 4892.53
11740 5037.94
11760 5091.72
11780 4923.5
11800 4856.54
11820 4934.76
11840 4894.04
11860 5069.31
11880 5142.65
11900 5029.1
11920 5106.93
11940 4815.09
11960 5127.92
11980 5111.79
12000 5040.49
12020 5281.79
12040 5100.89
12060 5255.93
12080 5038.19
12100 5100.15
12120 5155.65
12140 5087.18
12160 5030.01
12180 5148.52
12200 5237.08
12220 5094.2
12240 4942.14
12260 5068.94
12280 5420.73
12300 5172.65
12320 5286.73
12340 5227.07
12360 5389.41
12380 5255.53
12400 5273.86
12420 5411.59
12440 5474.4
12460 5353.36
12480 5197.45
12500 5463.77
12520 5203.45
12540 5441.88
12560 5467.7
12580 5265.7
12600 5451.75
12620 5156.94
12640 5405.13
12660 5348.12
12680 5655.27
12700 5241.9
12720 5530.09
12740 5413.32
12760 5519.47
12780 5564.32
12800 5630.72
12820 5613.39
12840 5832.63
12860 5640.82
12880 5641.94
12900 5773.04
12920 6366.72
12940 5849.66
12960 5662
12980 5538.78
13000 5624.91
13020 5562.2
13040 5855.45
13060 5586.8
13080 5808.41
13100 5657.83
13120 5615.92
13140 5826.44
13160 5875.27
13180 6065.84
13200 5739.23
13220 5835.05
13240 6194.5
13260 6017.28
13280 6165.43
13300 5657.08
13320 6219.88
13340 5986.19
13360 5645.11
13380 5992.49
13400 5815.48
13420 5915.96
13440 5890.28
13460 6010.01
13480 6084.6
13500 5751.42
13520 5960.7
13540 5841.98
13560 5851.41
13580 6058.3
13600 6040.16
13620 6194.22
13640 5801.16
13660 6498.25
13680 6095.37
13700 6183.16
13720 6086.88
13740 6149.53
13760 6311.67
13780 6379.23
13800 6136.09
13820 6170.83
13840 6184.99
13860 6225.36
13880 6105.21
13900 6183.11
13920 6325.97
13940 6197.93
13960 6246.27
13980 6200.58
14000 6020.68
14020 6413.81
14040 6134.11
14060 6537.03
14080 6266.18
14100 6642.54
14120 6902.45
14140 6238.2
14160 6090.94
14180 6106.24
14200 6295.38
14220 6314.95
14240 6408.01
14260 6476.31
14280 6304.78
14300 6402.14
14320 6475.91
14340 6297.79
14360 6295.35
14380 6506.92
14400 6674.71
14420 6656.69
14440 6540.29
14460 6407.06
14480 6498.72
14500 6286.19
14520 6525.15
14540 6753.43
14560 6497.78
14580 6468.09
14600 6706.04
14620 6663.17
14640 6529.07
14660 6883.4
14680 6826.57
14700 6310.92
14720 6731.98
14740 6457.6
14760 6627.35
14780 6772.26
14800 6609.09
14820 6913.42
14840 6600.13
14860 6661.75
14880 6891.17
14900 6597.53
14920 6885.89
14940 6632.38
14960 6673.28
14980 6972.61
15000 6737.97
15020 6925.6
15040 6813.77
15060 7018.89
15080 7048.9
15100 6841.73
15120 6645.87
15140 7084.97
15160 7110.4
15180 8256.63
15200 7160.21
15220 7015.48
15240 6964.65
15260 7156.68
15280 6895.54
15300 7060.71
15320 7086.31
15340 6932.91
15360 7125.94
15380 6869.06
15400 6991.11
15420 6842.33
15440 6998.84
15460 6771.43
15480 7199.9
15500 6942.33
15520 7303.73
15540 6900.19
15560 7083.95
15580 6830.94
15600 7232.62
15620 7149.93
15640 7138.82
15660 7153.47
15680 7031.77
15700 7456.94
15720 7146.2
15740 7200.47
15760 7253.42
15780 7366.21
15800 7205.06
15820 7251.33
15840 7376.22
15860 7628.28
15880 7272.34
15900 7073.07
15920 7358.86
15940 7414.7
15960 7540.04
15980 7391.71
16000 7542.55
16020 7621.65
16040 7413.56
16060 7171.25
16080 7414.81
16100 7418.82
16120 7088.81
16140 7372.69
16160 7360.96
16180 7317.88
16200 7450.05
16220 7577.92
16240 8410.09
16260 7420.38
16280 7838.49
16300 7704.21
16320 7562.73
16340 7810.23
16360 7594.55
16380 7447.1
16400 7607.69
16420 7553.3
16440 7779.4
16460 7949.96
16480 7560.61
16500 7728.04
16520 7573.21
16540 7512.93
16560 7591.73
16580 7733.13
16600 7808.76
16620 7922.37
16640 7875.78
16660 7549.79
16680 7798.2
16700 7835.9
16720 7773.99
16740 7693.32
16760 7847.61
16780 7683.75
16800 7647.24
16820 7696.33
16840 7488.35
16860 7734.86
16880 7955.12
16900 7923.04
16920 8274.91
16940 8002.92
16960 7874.37
16980 7910.44
17000 8069.37
17020 8341.01
17040 7750.26
17060 8113.15
17080 7935.3
17100 8001.33
17120 7925.52
17140 8341.36
17160 7867.9
17180 8354.37
17200 8235.89
17220 7948.65
17240 8023.14
17260 8378.15
17280 8110.22
17300 8142
17320 8096.31
17340 8534.1
17360 8319.31
17380 8561.22
17400 8173.98
17420 8220.26
17440 8251.67
17460 8166.48
17480 8395.19
17500 8261.45
17520 8327.47
17540 8400.62
17560 8273.76
17580 8327.52
17600 8296.39
17620 8351.6
17640 8270.12
17660 8324.83
17680 8197.86
17700 8195
17720 8328.74
17740 8294.65
17760 8461.65
17780 8559.94
17800 8439.83
17820 8307.86
17840 8143.88
17860 8633
17880 8396.91
17900 8749.44
17920 8336.14
17940 8515.1
17960 8204.66
17980 8436.5
18000 8184.34
18020 9645.05
18040 8591.69
18060 8540.19
18080 8607.9
18100 8714.94
18120 8681.83
18140 8628.97
18160 8280.54
18180 8912.53
18200 8684.88
18220 8680.98
18240 8681.22
18260 8426.78
18280 8439.82
18300 8805.06
18320 8590.14
18340 8440.69
18360 8844.83
18380 8722.18
18400 8822.07
18420 8955.13
18440 8979.54
18460 8777.46
18480 8785.23
18500 8572.9
18520 9029.78
18540 9258.25
18560 8932.31
18580 8684.66
18600 8939.99
18620 9172.34
18640 9112.14
18660 9027.61
18680 8771.34
18700 8525.83
18720 9237.74
18740 9303.92
18760 8794.58
18780 9079.64
18800 8986.2
18820 9125.11
18840 9092.43
18860 9011.14
18880 8951.62
18900 9192.59
18920 8940.43
18940 9021.68
18960 9256.43
18980 8914.7
19000 8949.07
19020 8914.37
19040 8713.08
19060 9325.19
19080 9017.15
19100 9226.25
19120 9126
19140 9202.2
19160 9205.12
19180 9348.91
19200 8990.44
19220 9186.12
19240 9643.49
19260 9370.94
19280 9008.89
19300 9378.37
19320 9132.35
19340 9603.37
19360 9189.42
19380 9345.01
19400 9547.53
19420 9336.8
19440 9367.83
19460 9521.35
19480 8990.01
19500 9427.32
19520 9194.75
19540 9608.89
19560 9475.59
19580 9294.77
19600 9587.32
19620 9196.93
19640 9115.73
19660 9685.35
19680 9668.92
19700 9550.92
19720 9614.11
19740 9725.94
19760 9533.4
19780 9535.64
19800 9491.62
19820 9482.03
19840 9759.19
19860 9727.58
19880 9625.55
19900 9449.02
19920 10093.1
19940 9496.34
19960 9551.53
19980 9736.01
20000 9417.09
20020 9472.28
20040 10045
20060 9268.03
20080 9648.61
20100 9399.6
20120 10231.9
20140 9637.91
20160 9934.4
20180 9998.84
20200 9609.62
20220 10075.5
20240 9553.49
20260 9643.14
20280 9914.71
20300 9792.84
20320 9787.08
20340 9554.87
20360 9927.45
20380 10177.3
20400 9819.86
20420 10173.2
20440 9745.14
20460 9963.24
20480 9677.38
20500 10062.3
20520 9938.07
20540 9852.84
20560 9656.42
20580 9660.38
20600 9710.14
20620 10302.7
20640 9675.51
20660 10095.1
20680 10079.7
20700 10046.9
20720 9796.36
20740 10270.3
20760 10218.5
20780 10297.9
20800 10135.4
20820 9992.24
20840 9915.3
20860 10064.9
20880 9826.67
20900 10150.2
20920 10028.2
20940 10075.3
20960 10473.5
20980 10322.2
21000 10454.2
21020 10655.8
21040 10322.7
21060 10142.4
21080 10248.1
21100 10480
21120 9880.21
21140 10353.6
21160 10113.9
21180 10369.6
21200 10810.5
21220 10044.6
21240 10362.4
21260 10277.5
21280 10721.6
21300 10475.7
21320 10027.2
21340 10286.5
21360 10666.5
21380 10207.7
21400 10358.9
21420 10498
21440 10242.3
21460 11455.7
21480 10495.2
21500 10730.8
21520 10525.1
21540 10638.4
21560 10489
21580 10487.2
21600 10903.5
21620 10796.1
21640 10483.9
21660 10425.4
21680 10463.3
21700 10611.3
21720 11195.7
21740 10581.7
21760 10755.4
21780 10818.4
21800 10673.9
21820 10664.9
21840 10634.1
21860 11640.4
21880 11275.1
21900 10829.9
21920 10622.3
21940 11296.6
21960 10860.7
21980 10658.1
22000 11062.6
22020 11125
22040 11777.4
